1,517
1,467
1,39
1,208
1,554
1,-826
1,-269
1,-588
1,55
1,688
1,-992
1,66
1,883
1,0
1,612
1,74
1,-794
1,-602
1,-672
1,-87
1,545
1,639
1,467
1,566
1,97
1,605
1,-851
1,-514
1,-759
1,361
1,-750
1,909
1,-646
1,-544
1,177
1,-279
1,-728
1,-766
1,617
1,-202
1,469
1,-548
1,636
1,-295
1,965
1,-295
1,888
1,-574
1,315
1,-501
1,312
1,972
1,478
1,596
1,-660
1,208
1,-980
1,982
1,158
1,248
1,-966
1,542
1,-841
1,281
1,915
1,-321
1,-752
1,972
1,-467
1,644
1,-490
1,-63
1,176
1,-399
1,-495
1,891
1,5
1,-641
1,-280
1,-404
1,-163
1,-410
1,223
1,495
1,-514
1,-298
1,814
1,-134
1,-880
1,-812
1,-732
1,250
1,567
1,644
1,-755
1,-522
1,-776
1,179
1,-584
1,-121
1,92
1,908
1,799
1,-545
1,-356
1,195
1,-907
1,-159
1,-354
1,891
1,428
1,-780
1,328
1,224
1,576
1,-669
1,590
1,-915
1,936
1,-49
1,-575
1,963
1,-599
1,872
1,-392
1,-391
1,-525
1,581
1,-767
1,-739
1,278
1,576
1,142
1,-687
1,-171
1,748
1,-19
1,572
1,487
1,975
1,505
1,684
1,138
1,748
1,-290
1,409
1,-185
1,-789
1,-712
1,-17
1,774
1,836
1,-934
1,-508
1,-920
1,511
1,47
1,-703
1,605
1,17
1,616
1,-498
1,166
1,-523
1,557
1,394
1,-385
1,625
1,889
1,-205
1,772
1,553
1,-204
1,-352
1,576
1,787
1,-608
1,-555
1,828
1,243
1,777
1,19
1,49
1,835
1,459
1,-53
1,91
1,-895
1,-207
1,210
1,-507
1,882
1,418
1,127
1,989
1,934
1,-342
1,-955
1,339
1,366
1,-920
1,-660
1,-913
1,650
1,-653
1,-829
1,-513
1,-992
1,-740
1,572
1,-65
1,-585
1,13
1,-861
1,895
1,-526
1,-97
1,-584
1,215
1,-446
1,953
1,963
1,-892
1,-754
1,-85
1,-379
1,957
1,246
1,-249
1,986
1,-935
1,523
1,-315
1,-346
1,-943
1,-550
1,-597
1,-723
1,445
1,614
1,-672
1,-264
1,-148
1,810
1,-963
1,-569
1,-309
1,859
1,601
1,-239
1,-809
1,-713
1,218
1,163
1,789
1,670
1,116
1,-421
1,391
1,71
1,-715
1,95
1,-801
1,-741
1,-694
1,962
1,745
1,-981
1,-437
1,-553
1,-30
1,-78
1,-106
1,-455
1,-704
1,-294
1,694
1,930
1,-806
1,426
1,336
1,496
1,-939
1,-25
1,-148
1,380
1,-452
1,-310
1,-138
1,-226
1,715
1,-457
1,135
1,741
1,863
1,636
1,933
1,-966
1,-359
1,-757
1,-271
1,105
1,98
1,837
1,248
1,130
1,201
1,-731
1,-566
1,600
1,533
1,-846
1,-969
1,216
1,942
1,49
1,-79
1,-361
1,290
1,-460
1,415
1,431
1,734
1,-349
1,940
1,458
1,419
1,-142
1,-888
1,139
1,-595
1,-231
1,427
1,-169
1,-262
1,289
1,859
1,-126
1,730
1,220
1,352
1,-84
1,280
1,-469
1,-54
1,-66
1,-994
1,-840
1,298
1,700
1,-202
1,145
1,113
1,159
1,-869
1,296
1,-5
1,-812
1,374
1,-825
1,-453
1,-818
1,574
1,-862
1,-534
1,474
1,910
1,346
1,-422
1,-24
1,-352
1,-252
1,-192
1,848
1,-754
1,847
1,-939
1,-247
1,-532
1,475
1,597
1,-360
1,730
1,771
1,-612
1,-99
1,947
1,619
1,-775
1,-654
1,-995
1,-438
1,762
1,263
1,-113
1,910
1,-626
1,-369
1,152
1,-482
1,504
1,361
1,684
1,-32
1,638
1,-145
1,499
1,-138
1,-92
1,-517
1,913
1,-826
1,256
1,971
1,376
1,136
1,-821
1,-659
1,-581
1,-762
1,574
1,-445
1,-420
1,-543
1,-599
1,75
1,823
1,607
1,-209
1,-955
1,-175
1,-182
1,102
1,568
1,879
1,364
1,633
1,-827
1,970
1,-245
1,-901
1,-372
1,-502
1,719
1,877
1,-938
1,225
1,483
1,748
1,-658
1,-811
1,-361
1,716
1,887
1,721
1,177
1,888
1,-934
1,-999
1,-389
1,280
1,-609
1,461
1,-163
1,-424
1,-965
1,263
1,614
1,616
1,-605
1,-351
1,-770
1,737
1,-245
1,-457
1,469
1,-980
1,-357
1,60
1,-68
1,-850
1,-426
1,-788
1,368
1,-600
1,948
1,69
1,-981
1,80
1,-402
1,683
1,638
1,756
1,106
1,723
1,442
1,36
1,-219
1,37
1,-497
1,535
1,306
1,141
1,281
1,-32
1,-469
1,732
1,-189
1,-327
1,-876
1,-629
1,46
1,-455
1,138
1,454
1,145
1,264
1,-150
1,15
1,-379
1,-768
1,80
1,-37
1,-882
1,-918
1,-515
1,-378
1,104
1,622
1,315
1,-591
1,525
1,305
1,570
1,-475
1,-626
1,-333
1,335
1,-896
1,-892
1,-315
1,214
1,128
1,-268
1,-678
1,606
1,-793
1,690
1,-874
1,412
1,511
1,130
1,-882
1,423
1,-903
1,418
1,555
1,-338
1,-177
1,-952
1,677
1,75
1,-595
1,-822
1,711
1,827
1,536
1,287
1,-915
1,-694
1,722
1,-969
1,218
1,531
1,524
1,942
1,-21
1,367
1,258
1,-772
1,403
1,-434
1,-494
1,87
1,-774
1,-883
1,-188
1,-16
1,-907
1,-970
1,917
1,741
1,-708
1,-729
1,367
1,453
1,-676
1,-471
1,124
1,-199
1,-590
1,47
1,-4
1,-978
1,-823
1,-764
1,616
1,357
1,39
1,-390
1,-297
1,-483
1,-742
1,874
1,-37
1,531
1,-955
1,465
1,-361
1,7
1,937
1,571
1,848
1,-520
1,-935
1,625
1,-103
1,-168
1,-336
1,-872
1,920
1,732
1,-433
1,-841
1,236
1,-736
1,-267
1,228
1,355
1,-315
1,-874
1,-361
1,370
1,353
1,871
1,-190
1,-639
1,-719
1,455
1,648
1,841
1,-746
1,-893
1,-20
1,-491
1,33
1,-721
1,492
1,-241
1,173
1,841
1,-176
1,963
1,416
1,-516
1,-184
1,-41
1,-924
1,-547
1,175
1,755
1,-310
1,-356
1,-844
1,728
1,-350
1,-233
1,792
1,46
1,55
1,665
1,175
1,19
1,-875
1,-717
1,253
1,-522
1,801
1,-486
1,-571
1,7
1,859
1,671
1,905
1,589
1,-614
1,878
1,302
1,-772
1,-384
1,673
1,866
1,245
1,117
1,363
1,643
1,-566
1,215
1,488
1,-725
1,428
1,-372
1,-768
1,-215
1,987
1,574
1,-459
1,65
1,-111
1,-862
1,-3
1,-995
1,213
1,311
1,-684
1,864
1,-570
1,231
1,894
1,-567
1,592
1,-455
1,869
1,979
1,-124
1,261
1,-891
1,484
1,562
1,-110
1,-994
1,-120
1,542
1,-911
1,464
1,-815
1,819
1,607
1,-96
1,-69
1,-336
1,35
1,455
1,-242
1,365
1,-946
1,-636
1,670
1,239
1,275
1,-862
1,-940
1,623
1,902
1,-460
1,-211
1,-134
1,-434
1,-63
1,-96
1,280
1,653
1,-155
1,440
1,905
1,-892
1,-346
1,-217
1,356
1,-826
1,907
1,254
1,678
1,283
1,-696
1,352
1,-949
1,132
1,-747
1,-751
1,-904
1,-773
1,-65
1,419
1,500
1,-391
1,-5
1,-524
1,-677
1,-265
1,-58
1,-834
1,847
1,262
1,-990
1,-340
1,991
1,-167
1,674
1,-16
1,117
1,565
1,-638
1,638
1,-947
1,-938
1,506
1,-632
1,193
1,-933
1,595
1,982
1,497
1,-293
1,-497
1,2
1,-395
1,863
1,-458
1,846
1,763
1,-164
1,375
1,871
1,-341
1,-608
1,-416
1,-880
1,595
1,444
1,57
1,-93
1,-527
1,619
1,-28
1,235
1,182
1,897
1,-904
1,-657
1,470
1,887
1,11
1,529
1,62
1,-433
1,895
1,-363
1,-124
1,-533
1,920
1,-904
1,241
1,-260
1,279
1,-993
1,665
1,517
1,-573
1,-702
1,-860
1,392
1,298
1,519
1,-706
1,475
1,-522
1,922
1,450
1,-215
1,10
1,385
1,530
1,623
1,607
1,-863
1,-723
1,-980
1,422
1,-941
1,-497
1,123
1,477
1,591
1,-583
1,-500
1,-901
1,453
1,619
1,431
1,-584
1,309
1,512
1,447
1,904
1,3
1,962
1,-441
1,203
1,-233
1,773
1,-792
1,912
1,270
1,591
1,-322
1,-393
1,-899
1,502
1,708
1,-729
1,137
1,-465
1,396
1,400
1,-600
1,764
1,-351
1,-775
1,822
1,262
1,881
1,807
1,38
1,-281
1,225
1,264
1,-909
1,240
1,932
1,118
1,337
1,281
1,-701
1,-814
1,428
1,-552
1,160
1,-982
1,-912
1,-347
1,-90
1,-207
1,-276
1,426
1,985
1,593
1,-574
1,-539
1,880
1,-274
1,-598
1,204
1,126
1,235
1,381
1,-430
1,-134
1,459
1,-213
1,674
1,184
1,-630
1,130
1,-243
1,-706
1,-606
1,-244
1,-365
1,-894
1,32
1,-101
1,-701
1,429
1,45
1,455
1,369
1,14
1,-766
1,476
1,-771
1,80
1,551
1,-729
1,682
1,130
1,-383
1,-142
1,-956
1,-976
