1,86
1,-611
1,-168
1,557
1,-732
1,955
1,616
1,893
1,-312
1,282
1,-355
1,-291
1,-979
1,92
1,408
1,-580
1,-119
1,-778
1,-863
1,198
1,379
1,110
1,966
1,873
1,959
1,-125
1,-108
1,-166
1,65
1,-981
1,-719
1,-745
1,883
1,515
1,947
1,547
1,852
1,-929
1,315
1,-478
1,-474
1,103
1,513
1,-4
1,-909
1,-72
1,363
1,-159
1,-450
1,414
1,762
1,347
1,-835
1,-282
1,451
1,41
1,580
1,892
1,395
1,497
1,979
1,4
1,-127
1,410
1,55
1,837
1,-426
1,-233
1,-996
1,-420
1,-654
1,-743
1,-599
1,418
1,-440
1,79
1,-498
1,447
1,-385
1,766
1,825
1,-326
1,-278
1,-632
1,79
1,640
1,-997
1,-706
1,-897
1,569
1,241
1,-342
1,-655
1,-917
1,32
1,13
1,357
1,976
1,-690
1,939
1,-346
1,-837
1,956
1,462
1,-117
1,245
1,674
1,-580
1,-54
1,-915
1,-324
1,988
1,619
1,-55
1,855
1,-605
1,-884
1,-893
1,-764
1,-408
1,881
1,-10
1,-505
1,431
1,364
1,445
1,-455
1,-614
1,-775
1,-516
1,576
1,-349
1,-453
1,-559
1,-3
1,516
1,-10
1,-216
1,-874
1,-864
1,575
1,130
1,-364
1,717
1,183
1,-899
1,830
1,-676
1,-984
1,48
1,-365
1,308
1,-166
1,170
1,-161
1,-82
1,484
1,-298
1,-750
1,151
1,119
1,849
1,203
1,-89
1,430
1,873
1,-131
1,318
1,-104
1,-627
1,467
1,-776
1,-591
1,-9
1,763
1,-509
1,-417
1,482
1,734
1,843
1,-982
1,-227
1,503
1,522
1,229
1,-243
1,491
1,-470
1,-396
1,-554
1,-676
1,-262
1,317
1,-927
1,-767
1,342
1,-854
1,235
1,449
1,-304
1,-984
1,847
1,744
1,490
1,-711
1,-938
1,-788
1,708
1,836
1,302
1,-593
1,-417
1,-303
1,-296
1,-379
1,-138
1,-570
1,958
1,-63
1,-167
1,503
1,-264
1,603
1,678
1,241
1,-191
1,483
1,-729
1,-496
1,370
1,673
1,-167
1,-490
1,-775
1,15
1,-571
1,195
1,-670
1,-273
1,-573
1,625
1,730
1,-669
1,77
1,78
1,-473
1,771
1,398
1,-932
1,-233
1,-713
1,701
1,-819
1,169
1,780
1,-429
1,-193
1,867
1,-556
1,358
1,755
1,63
1,-393
1,-705
1,80
1,678
1,-449
1,-753
1,-283
1,915
1,248
1,111
1,940
1,-766
1,64
1,-940
1,875
1,918
1,58
1,108
1,711
1,-770
1,395
1,-267
1,641
1,848
1,-694
1,581
1,679
1,992
1,-354
1,800
1,-470
1,-832
1,952
1,-914
1,500
1,273
1,-265
1,409
1,859
1,-687
1,381
1,368
1,83
1,984
1,170
1,454
1,-857
1,-966
1,-632
1,528
1,-809
1,628
1,896
1,-253
1,-454
1,-560
1,-300
1,220
1,138
1,-878
1,-748
1,419
1,-416
1,206
1,-472
1,950
1,-364
1,830
1,852
1,942
1,-372
1,429
1,-60
1,399
1,357
1,535
1,-346
1,260
1,-430
1,-388
1,-568
1,-693
1,-182
1,-396
1,534
1,-536
1,970
1,-149
1,-847
1,-432
1,811
1,860
1,-222
1,815
1,247
1,251
1,865
1,609
1,790
1,-65
1,946
1,-534
1,133
1,361
1,-86
1,358
1,-309
1,61
1,-133
1,-30
1,-66
1,140
1,-549
1,49
1,-359
1,244
1,507
1,-896
1,-249
1,-85
1,-300
1,584
1,-147
1,290
1,210
1,-548
1,-331
1,-370
1,-479
1,-368
1,-520
1,-881
1,-332
1,152
1,758
1,-407
1,-846
1,487
1,-777
1,-942
1,-466
1,143
1,771
1,256
1,985
1,-897
1,627
1,558
1,-302
1,-450
1,-680
1,-568
1,-711
1,8
1,-19
1,752
1,-863
1,-954
1,-888
1,-731
1,464
1,216
1,7
1,-352
1,285
1,-921
1,572
1,-751
1,-192
1,705
1,-152
1,-238
1,515
1,129
1,-396
1,-869
1,-830
1,446
1,446
1,-368
1,997
1,381
1,-800
1,-38
1,661
1,917
1,818
1,420
1,-417
1,-809
1,-417
1,911
1,634
1,364
1,292
1,658
1,-483
1,790
1,359
1,229
1,750
1,-161
1,553
1,-346
1,-801
1,281
1,21
1,-664
1,334
1,46
1,-747
1,498
1,90
1,614
1,-719
1,-857
1,-80
1,251
1,-767
1,453
1,-990
1,433
1,695
1,789
1,559
1,22
1,-691
1,-292
1,608
1,-746
1,364
1,-895
1,479
1,367
1,332
1,-429
1,-718
1,919
1,-696
1,107
1,-495
1,-131
1,-301
1,-517
1,-281
1,926
1,771
1,718
1,-337
1,514
1,732
1,-365
1,-670
1,-610
1,-416
1,-528
1,-79
1,843
1,501
1,330
1,557
1,-906
1,60
1,-384
1,-169
1,-890
1,714
1,844
1,-925
1,539
1,-609
1,-347
1,147
1,102
1,140
1,40
1,-372
1,-170
1,-199
1,846
1,-163
1,-971
1,-262
1,-61
1,211
1,-24
1,-909
1,-198
1,-908
1,254
1,571
1,-349
1,368
1,-900
1,759
1,-510
1,-811
1,-697
1,-785
1,-717
1,-121
1,-925
1,157
1,-643
1,-685
1,114
1,-786
1,898
1,930
1,792
1,-958
1,949
1,-488
1,-817
1,298
1,-486
1,611
1,195
1,-460
1,750
1,-395
1,-586
1,274
1,-947
1,-250
1,836
1,-685
1,-141
1,345
1,-102
1,218
1,167
1,854
1,501
1,101
1,795
1,-711
1,-112
1,274
1,-235
1,657
1,514
1,-918
1,-273
1,-320
1,949
1,932
1,208
1,338
1,-352
1,78
1,458
1,-486
1,-433
1,-16
1,-328
1,-797
1,784
1,540
1,44
1,718
1,-231
1,955
1,-284
1,450
1,932
1,641
1,164
1,-802
1,-658
1,597
1,-20
1,-419
1,-801
1,-863
1,-566
1,-236
1,303
1,11
1,-898
1,-823
1,633
1,738
1,-519
1,-72
1,711
1,901
1,-495
1,792
1,-594
1,-312
1,-204
1,-711
1,-535
1,322
1,-368
1,-981
1,880
1,840
1,-97
1,572
1,-347
1,714
1,559
1,-978
1,-658
1,155
1,-261
1,376
1,-587
1,-841
1,-722
1,315
1,-12
1,455
1,746
1,489
1,15
1,100
1,-622
1,-894
1,639
1,601
1,-537
1,432
1,932
1,-623
1,20
1,-667
1,-840
1,821
1,-737
1,132
1,-738
1,-931
1,-35
1,-609
1,385
1,537
1,-846
1,-552
1,576
1,913
1,742
1,682
1,124
1,-890
1,-562
1,-904
1,927
1,-936
1,983
1,-995
1,-336
1,-388
1,-352
1,76
1,-49
1,187
1,191
1,266
1,342
1,-422
1,763
1,252
1,-509
1,199
1,-317
1,875
1,-923
1,-218
1,817
1,-698
1,473
1,269
1,-861
1,-172
1,578
1,820
1,842
1,956
1,-253
1,444
1,-643
1,272
1,23
1,454
1,-303
1,-79
1,-589
1,-641
1,-956
1,462
1,-129
1,495
1,257
1,-616
1,-359
1,0
1,-366
1,-705
1,-405
1,904
1,92
1,-922
1,521
1,-887
1,-535
1,-619
1,169
1,53
1,523
1,-64
1,809
1,239
1,931
1,-134
1,141
1,891
1,-41
1,785
1,489
1,-294
1,187
1,-440
1,-750
1,-792
1,718
1,336
1,0
1,-529
1,-958
1,358
1,68
1,298
1,-800
1,-976
1,-458
1,-894
1,-491
1,322
1,-824
1,240
1,816
1,-36
1,434
1,504
1,-773
1,944
1,580
1,668
1,586
1,342
1,360
1,640
1,-165
1,-961
1,4
1,-468
1,-379
1,-257
1,204
1,-303
1,-649
1,442
1,-836
1,318
1,463
1,-446
1,266
1,754
1,66
1,-750
1,432
1,948
1,-523
1,630
1,899
1,-984
1,-8
1,-768
1,795
1,359
1,-672
1,-628
1,810
1,-120
1,204
1,-751
1,-341
1,-347
1,579
1,-396
1,-576
1,-350
1,461
1,-129
1,662
1,549
1,507
1,352
1,-135
1,-589
1,7
1,1
1,-909
1,-904
1,-59
1,-832
1,-723
1,206
1,118
1,98
1,-310
1,579
1,304
1,868
1,-747
1,939
1,-184
1,762
1,836
1,-181
1,118
1,630
1,-36
1,213
1,376
1,-672
1,615
1,394
1,24
1,-69
1,34
1,-655
1,243
1,-940
1,172
1,-454
1,207
1,248
1,258
1,-249
1,72
1,-742
1,475
1,-749
1,-117
1,-964
1,266
1,-841
1,-867
1,-670
1,858
1,-422
1,612
1,667
1,-142
1,537
1,19
1,-654
1,-54
1,806
1,955
1,-147
1,264
1,-250
1,-679
1,-46
1,142
1,668
1,366
1,258
1,717
1,-566
1,-434
1,-97
1,-23
1,-454
1,-575
1,-925
1,544
1,-139
1,-179
1,-931
1,-171
1,343
1,-1
1,110
1,-660
1,468
1,-602
1,-421
1,1000
1,577
1,-473
1,61
1,21
1,-525
1,-405
1,-481
1,-932
1,922
1,-718
1,203
1,-129
1,-901
1,347
1,554
1,-324
1,78
1,653
1,-444
1,16
1,465
1,482
1,280
1,-905
1,-875
1,69
1,489
1,-462
1,-109
1,440
1,184
1,-658
1,-536
1,215
1,-745
1,929
1,260
1,-760
1,-105
1,522
1,927
1,-178
1,955
1,-882
